# region parcellated_structure_code r g b z1 z2 z3 z4 z5
#
# r g b          - RGB values of structure's color 
# z1 z2 z3 z4 z5 - structure measures (shown as heat maps in image) 

# Each region (except BSt) will have a left and right side

Unc roi_2 255 255 255 0.910094 0.265257 0.893188 0.220351 0.810623
Unc roi_7 255 255 255 0.910094 0.265257 0.893188 0.220351 0.810623
Unc roi_12 255 255 255 0.910094 0.265257 0.893188 0.220351 0.810623
Unc roi_16 255 255 255 0.910094 0.265257 0.893188 0.220351 0.810623
Unc roi_29 255 255 255 0.910094 0.265257 0.893188 0.220351 0.810623
Unc roi_38 255 255 255 0.910094 0.265257 0.893188 0.220351 0.810623
Unc roi_50 255 255 255 0.910094 0.265257 0.893188 0.220351 0.810623
Unc roi_65 255 255 255 0.910094 0.265257 0.893188 0.220351 0.810623
Unc roi_72 255 255 255 0.910094 0.265257 0.893188 0.220351 0.810623
Unc roi_84 255 255 255 0.910094 0.265257 0.893188 0.220351 0.810623
Unc roi_89 255 255 255 0.910094 0.265257 0.893188 0.220351 0.810623

SMH roi_24 0 255 255 0.426026 0.325782 0.104662 0.428916 0.101814
SMH roi_56 0 255 255 0.426026 0.325782 0.104662 0.428916 0.101814
SMH roi_62 0 255 255 0.426026 0.325782 0.104662 0.428916 0.101814
SMH roi_78 0 255 255 0.426026 0.325782 0.104662 0.428916 0.101814
SMH roi_81 0 255 255 0.426026 0.325782 0.104662 0.428916 0.101814
SMH roi_86 0 255 255 0.426026 0.325782 0.104662 0.428916 0.101814
SMH roi_96 0 255 255 0.426026 0.325782 0.104662 0.428916 0.101814

SMM roi_87 255 165 0 0.399686 0.345312 0.201031 0.322008 0.377663

CON roi_1 128 0 128 0.411277 0.246436 0.978378 0.470215 0.995553
CON roi_5 128 0 128 0.411277 0.246436 0.978378 0.470215 0.995553
CON roi_59 128 0 128 0.411277 0.246436 0.978378 0.470215 0.995553
CON roi_68 128 0 128 0.411277 0.246436 0.978378 0.470215 0.995553
CON roi_74 128 0 128 0.411277 0.246436 0.978378 0.470215 0.995553

AUD roi_4 255 192 203 0.561124 0.203298 0.950663 0.907232 0.936301
AUD roi_9 255 192 203 0.561124 0.203298 0.950663 0.907232 0.936301
AUD roi_11 255 192 203 0.561124 0.203298 0.950663 0.907232 0.936301
AUD roi_43 255 192 203 0.561124 0.203298 0.950663 0.907232 0.936301
AUD roi_52 255 192 203 0.561124 0.203298 0.950663 0.907232 0.936301

DMN roi_13 255 0 0 0.719617 0.0550814 0.0344843 0.531828 0.450086
DMN roi_18 255 0 0 0.719617 0.0550814 0.0344843 0.531828 0.450086
DMN roi_21 255 0 0 0.719617 0.0550814 0.0344843 0.531828 0.450086
DMN roi_26 255 0 0 0.719617 0.0550814 0.0344843 0.531828 0.450086
DMN roi_27 255 0 0 0.719617 0.0550814 0.0344843 0.531828 0.450086
DMN roi_31 255 0 0 0.719617 0.0550814 0.0344843 0.531828 0.450086
DMN roi_33 255 0 0 0.719617 0.0550814 0.0344843 0.531828 0.450086
DMN roi_36 255 0 0 0.719617 0.0550814 0.0344843 0.531828 0.450086
DMN roi_40 255 0 0 0.719617 0.0550814 0.0344843 0.531828 0.450086
DMN roi_44 255 0 0 0.719617 0.0550814 0.0344843 0.531828 0.450086
DMN roi_46 255 0 0 0.719617 0.0550814 0.0344843 0.531828 0.450086
DMN roi_58 255 0 0 0.719617 0.0550814 0.0344843 0.531828 0.450086
DMN roi_60 255 0 0 0.719617 0.0550814 0.0344843 0.531828 0.450086
DMN roi_63 255 0 0 0.719617 0.0550814 0.0344843 0.531828 0.450086
DMN roi_77 255 0 0 0.719617 0.0550814 0.0344843 0.531828 0.450086
DMN roi_82 255 0 0 0.719617 0.0550814 0.0344843 0.531828 0.450086
DMN roi_85 255 0 0 0.719617 0.0550814 0.0344843 0.531828 0.450086
DMN roi_97 255 0 0 0.719617 0.0550814 0.0344843 0.531828 0.450086
DMN roi_98 255 0 0 0.719617 0.0550814 0.0344843 0.531828 0.450086

MEM roi_80 128 128 128 0.497344 0.392218 0.23142 0.869115 0.274211

VIS roi_17 0 0 255 0.572447 0.550825 0.0210396 0.703384 0.0398718
VIS roi_28 0 0 255 0.572447 0.550825 0.0210396 0.703384 0.0398718
VIS roi_54 0 0 255 0.572447 0.550825 0.0210396 0.703384 0.0398718
VIS roi_64 0 0 255 0.572447 0.550825 0.0210396 0.703384 0.0398718
VIS roi_69 0 0 255 0.572447 0.550825 0.0210396 0.703384 0.0398718
VIS roi_79 0 0 255 0.572447 0.550825 0.0210396 0.703384 0.0398718
VIS roi_88 0 0 255 0.572447 0.550825 0.0210396 0.703384 0.0398718
VIS roi_90 0 0 255 0.572447 0.550825 0.0210396 0.703384 0.0398718
VIS roi_91 0 0 255 0.572447 0.550825 0.0210396 0.703384 0.0398718
VIS roi_92 0 0 255 0.572447 0.550825 0.0210396 0.703384 0.0398718

FTP roi_6 255 255 0 0.707218 0.741702 0.27353 0.197576 0.838634
FTP roi_20 255 255 0 0.707218 0.741702 0.27353 0.197576 0.838634
FTP roi_22 255 255 0 0.707218 0.741702 0.27353 0.197576 0.838634
FTP roi_25 255 255 0 0.707218 0.741702 0.27353 0.197576 0.838634
FTP roi_37 255 255 0 0.707218 0.741702 0.27353 0.197576 0.838634
FTP roi_41 255 255 0 0.707218 0.741702 0.27353 0.197576 0.838634
FTP roi_42 255 255 0 0.707218 0.741702 0.27353 0.197576 0.838634
FTP roi_47 255 255 0 0.707218 0.741702 0.27353 0.197576 0.838634
FTP roi_49 255 255 0 0.707218 0.741702 0.27353 0.197576 0.838634
FTP roi_61 255 255 0 0.707218 0.741702 0.27353 0.197576 0.838634
FTP roi_66 255 255 0 0.707218 0.741702 0.27353 0.197576 0.838634
FTP roi_67 255 255 0 0.707218 0.741702 0.27353 0.197576 0.838634
FTP roi_70 255 255 0 0.707218 0.741702 0.27353 0.197576 0.838634
FTP roi_73 255 255 0 0.707218 0.741702 0.27353 0.197576 0.838634
FTP roi_94 255 255 0 0.707218 0.741702 0.27353 0.197576 0.838634

SAL roi_51 0 0 0 0.00753681 0.185922 0.707266 0.515797 0.835159
SAL roi_83 0 0 0 0.00753681 0.185922 0.707266 0.515797 0.835159
SAL roi_95 0 0 0 0.00753681 0.185922 0.707266 0.515797 0.835159

SUB roi_3 139 69 19 0.00753681 0.185922 0.707266 0.515797 0.835159
SUB roi_15 139 69 19 0.00753681 0.185922 0.707266 0.515797 0.835159
SUB roi_23 139 69 19 0.00753681 0.185922 0.707266 0.515797 0.835159
SUB roi_30 139 69 19 0.00753681 0.185922 0.707266 0.515797 0.835159
SUB roi_45 139 69 19 0.00753681 0.185922 0.707266 0.515797 0.835159
SUB roi_48 139 69 19 0.00753681 0.185922 0.707266 0.515797 0.835159
SUB roi_55 139 69 19 0.00753681 0.185922 0.707266 0.515797 0.835159
SUB roi_71 139 69 19 0.00753681 0.185922 0.707266 0.515797 0.835159
SUB roi_76 139 69 19 0.00753681 0.185922 0.707266 0.515797 0.835159

VAN roi_14 0 128 128 0.00753681 0.185922 0.707266 0.515797 0.835159
VAN roi_35 0 128 128 0.00753681 0.185922 0.707266 0.515797 0.835159
VAN roi_39 0 128 128 0.00753681 0.185922 0.707266 0.515797 0.835159
VAN roi_75 0 128 128 0.00753681 0.185922 0.707266 0.515797 0.835159

DAN roi_10 0 128 0 0.00753681 0.185922 0.707266 0.515797 0.835159
DAN roi_19 0 128 0 0.00753681 0.185922 0.707266 0.515797 0.835159
DAN roi_32 0 128 0 0.00753681 0.185922 0.707266 0.515797 0.835159
DAN roi_57 0 128 0 0.00753681 0.185922 0.707266 0.515797 0.835159

# By design, brain stem region (BSt) does not have a L/R side

CRB roi_8 207 255 48 0.246842 0.546186 0.322285 0.137021 0.491837
CRB roi_34 207 255 48 0.246842 0.546186 0.322285 0.137021 0.491837
CRB roi_53 207 255 48 0.246842 0.546186 0.322285 0.137021 0.491837
CRB roi_93 207 255 48 0.246842 0.546186 0.322285 0.137021 0.491837
