# region parcellated_structure_code r g b z1 z2 z3 z4 z5
#
# r g b          - RGB values of structure's color 
# z1 z2 z3 z4 z5 - structure measures (shown as heat maps in image) 

# Each region (except BSt) will have a left and right side

Unc roi_12 255 255 255 0.910094 0.265257 0.893188 0.220351 0.810623
Unc roi_13 255 255 255 0.910094 0.265257 0.893188 0.220351 0.810623
Unc roi_18 255 255 255 0.910094 0.265257 0.893188 0.220351 0.810623
Unc roi_30 255 255 255 0.910094 0.265257 0.893188 0.220351 0.810623
Unc roi_33 255 255 255 0.910094 0.265257 0.893188 0.220351 0.810623
Unc roi_46 255 255 255 0.910094 0.265257 0.893188 0.220351 0.810623
Unc roi_57 255 255 255 0.910094 0.265257 0.893188 0.220351 0.810623
Unc roi_61 255 255 255 0.910094 0.265257 0.893188 0.220351 0.810623
Unc roi_62 255 255 255 0.910094 0.265257 0.893188 0.220351 0.810623
Unc roi_70 255 255 255 0.910094 0.265257 0.893188 0.220351 0.810623
Unc roi_79 255 255 255 0.910094 0.265257 0.893188 0.220351 0.810623
Unc roi_95 255 255 255 0.910094 0.265257 0.893188 0.220351 0.810623
Unc roi_104 255 255 255 0.910094 0.265257 0.893188 0.220351 0.810623
Unc roi_106 255 255 255 0.910094 0.265257 0.893188 0.220351 0.810623
Unc roi_108 255 255 255 0.910094 0.265257 0.893188 0.220351 0.810623
Unc roi_112 255 255 255 0.910094 0.265257 0.893188 0.220351 0.810623
Unc roi_118 255 255 255 0.910094 0.265257 0.893188 0.220351 0.810623
Unc roi_119 255 255 255 0.910094 0.265257 0.893188 0.220351 0.810623
Unc roi_123 255 255 255 0.910094 0.265257 0.893188 0.220351 0.810623
Unc roi_126 255 255 255 0.910094 0.265257 0.893188 0.220351 0.810623
Unc roi_128 255 255 255 0.910094 0.265257 0.893188 0.220351 0.810623
Unc roi_137 255 255 255 0.910094 0.265257 0.893188 0.220351 0.810623
Unc roi_140 255 255 255 0.910094 0.265257 0.893188 0.220351 0.810623
Unc roi_144 255 255 255 0.910094 0.265257 0.893188 0.220351 0.810623
Unc roi_151 255 255 255 0.910094 0.265257 0.893188 0.220351 0.810623
Unc roi_154 255 255 255 0.910094 0.265257 0.893188 0.220351 0.810623
Unc roi_160 255 255 255 0.910094 0.265257 0.893188 0.220351 0.810623
Unc roi_168 255 255 255 0.910094 0.265257 0.893188 0.220351 0.810623
Unc roi_175 255 255 255 0.910094 0.265257 0.893188 0.220351 0.810623
Unc roi_179 255 255 255 0.910094 0.265257 0.893188 0.220351 0.810623
Unc roi_182 255 255 255 0.910094 0.265257 0.893188 0.220351 0.810623
Unc roi_184 255 255 255 0.910094 0.265257 0.893188 0.220351 0.810623
Unc roi_188 255 255 255 0.910094 0.265257 0.893188 0.220351 0.810623
Unc roi_203 255 255 255 0.910094 0.265257 0.893188 0.220351 0.810623
Unc roi_207 255 255 255 0.910094 0.265257 0.893188 0.220351 0.810623
Unc roi_237 255 255 255 0.910094 0.265257 0.893188 0.220351 0.810623
Unc roi_247 255 255 255 0.910094 0.265257 0.893188 0.220351 0.810623
Unc roi_261 255 255 255 0.910094 0.265257 0.893188 0.220351 0.810623
Unc roi_279 255 255 255 0.910094 0.265257 0.893188 0.220351 0.810623
Unc roi_288 255 255 255 0.910094 0.265257 0.893188 0.220351 0.810623
Unc roi_291 255 255 255 0.910094 0.265257 0.893188 0.220351 0.810623
Unc roi_299 255 255 255 0.910094 0.265257 0.893188 0.220351 0.810623
Unc roi_306 255 255 255 0.910094 0.265257 0.893188 0.220351 0.810623
Unc roi_307 255 255 255 0.910094 0.265257 0.893188 0.220351 0.810623
Unc roi_308 255 255 255 0.910094 0.265257 0.893188 0.220351 0.810623
Unc roi_327 255 255 255 0.910094 0.265257 0.893188 0.220351 0.810623

SMH roi_16 0 255 255 0.426026 0.325782 0.104662 0.428916 0.101814
SMH roi_17 0 255 255 0.426026 0.325782 0.104662 0.428916 0.101814
SMH roi_44 0 255 255 0.426026 0.325782 0.104662 0.428916 0.101814
SMH roi_58 0 255 255 0.426026 0.325782 0.104662 0.428916 0.101814
SMH roi_60 0 255 255 0.426026 0.325782 0.104662 0.428916 0.101814
SMH roi_78 0 255 255 0.426026 0.325782 0.104662 0.428916 0.101814
SMH roi_85 0 255 255 0.426026 0.325782 0.104662 0.428916 0.101814
SMH roi_98 0 255 255 0.426026 0.325782 0.104662 0.428916 0.101814
SMH roi_103 0 255 255 0.426026 0.325782 0.104662 0.428916 0.101814
SMH roi_116 0 255 255 0.426026 0.325782 0.104662 0.428916 0.101814
SMH roi_135 0 255 255 0.426026 0.325782 0.104662 0.428916 0.101814
SMH roi_141 0 255 255 0.426026 0.325782 0.104662 0.428916 0.101814
SMH roi_145 0 255 255 0.426026 0.325782 0.104662 0.428916 0.101814
SMH roi_156 0 255 255 0.426026 0.325782 0.104662 0.428916 0.101814
SMH roi_164 0 255 255 0.426026 0.325782 0.104662 0.428916 0.101814
SMH roi_169 0 255 255 0.426026 0.325782 0.104662 0.428916 0.101814
SMH roi_181 0 255 255 0.426026 0.325782 0.104662 0.428916 0.101814
SMH roi_186 0 255 255 0.426026 0.325782 0.104662 0.428916 0.101814
SMH roi_193 0 255 255 0.426026 0.325782 0.104662 0.428916 0.101814
SMH roi_249 0 255 255 0.426026 0.325782 0.104662 0.428916 0.101814
SMH roi_262 0 255 255 0.426026 0.325782 0.104662 0.428916 0.101814
SMH roi_273 0 255 255 0.426026 0.325782 0.104662 0.428916 0.101814
SMH roi_275 0 255 255 0.426026 0.325782 0.104662 0.428916 0.101814
SMH roi_290 0 255 255 0.426026 0.325782 0.104662 0.428916 0.101814
SMH roi_293 0 255 255 0.426026 0.325782 0.104662 0.428916 0.101814
SMH roi_303 0 255 255 0.426026 0.325782 0.104662 0.428916 0.101814
SMH roi_320 0 255 255 0.426026 0.325782 0.104662 0.428916 0.101814

SMM roi_73 255 165 0 0.399686 0.345312 0.201031 0.322008 0.377663
SMM roi_87 255 165 0 0.399686 0.345312 0.201031 0.322008 0.377663
SMM roi_111 255 165 0 0.399686 0.345312 0.201031 0.322008 0.377663
SMM roi_185 255 165 0 0.399686 0.345312 0.201031 0.322008 0.377663
SMM roi_205 255 165 0 0.399686 0.345312 0.201031 0.322008 0.377663
SMM roi_269 255 165 0 0.399686 0.345312 0.201031 0.322008 0.377663

CON roi_2 128 0 128 0.411277 0.246436 0.978378 0.470215 0.995553
CON roi_34 128 0 128 0.411277 0.246436 0.978378 0.470215 0.995553
CON roi_52 128 0 128 0.411277 0.246436 0.978378 0.470215 0.995553
CON roi_89 128 0 128 0.411277 0.246436 0.978378 0.470215 0.995553
CON roi_96 128 0 128 0.411277 0.246436 0.978378 0.470215 0.995553
CON roi_127 128 0 128 0.411277 0.246436 0.978378 0.470215 0.995553
CON roi_136 128 0 128 0.411277 0.246436 0.978378 0.470215 0.995553
CON roi_170 128 0 128 0.411277 0.246436 0.978378 0.470215 0.995553
CON roi_232 128 0 128 0.411277 0.246436 0.978378 0.470215 0.995553
CON roi_254 128 0 128 0.411277 0.246436 0.978378 0.470215 0.995553
CON roi_255 128 0 128 0.411277 0.246436 0.978378 0.470215 0.995553
CON roi_270 128 0 128 0.411277 0.246436 0.978378 0.470215 0.995553
CON roi_302 128 0 128 0.411277 0.246436 0.978378 0.470215 0.995553
CON roi_313 128 0 128 0.411277 0.246436 0.978378 0.470215 0.995553
CON roi_315 128 0 128 0.411277 0.246436 0.978378 0.470215 0.995553
CON roi_323 128 0 128 0.411277 0.246436 0.978378 0.470215 0.995553
CON roi_328 128 0 128 0.411277 0.246436 0.978378 0.470215 0.995553

AUD roi_3 255 192 203 0.561124 0.203298 0.950663 0.907232 0.936301
AUD roi_7 255 192 203 0.561124 0.203298 0.950663 0.907232 0.936301
AUD roi_27 255 192 203 0.561124 0.203298 0.950663 0.907232 0.936301
AUD roi_35 255 192 203 0.561124 0.203298 0.950663 0.907232 0.936301
AUD roi_65 255 192 203 0.561124 0.203298 0.950663 0.907232 0.936301
AUD roi_97 255 192 203 0.561124 0.203298 0.950663 0.907232 0.936301
AUD roi_158 255 192 203 0.561124 0.203298 0.950663 0.907232 0.936301
AUD roi_174 255 192 203 0.561124 0.203298 0.950663 0.907232 0.936301
AUD roi_189 255 192 203 0.561124 0.203298 0.950663 0.907232 0.936301
AUD roi_220 255 192 203 0.561124 0.203298 0.950663 0.907232 0.936301
AUD roi_226 255 192 203 0.561124 0.203298 0.950663 0.907232 0.936301
AUD roi_229 255 192 203 0.561124 0.203298 0.950663 0.907232 0.936301
AUD roi_239 255 192 203 0.561124 0.203298 0.950663 0.907232 0.936301
AUD roi_265 255 192 203 0.561124 0.203298 0.950663 0.907232 0.936301
AUD roi_321 255 192 203 0.561124 0.203298 0.950663 0.907232 0.936301

DMN roi_1 255 0 0 0.719617 0.0550814 0.0344843 0.531828 0.450086
DMN roi_10 255 0 0 0.719617 0.0550814 0.0344843 0.531828 0.450086
DMN roi_14 255 0 0 0.719617 0.0550814 0.0344843 0.531828 0.450086
DMN roi_15 255 0 0 0.719617 0.0550814 0.0344843 0.531828 0.450086
DMN roi_22 255 0 0 0.719617 0.0550814 0.0344843 0.531828 0.450086
DMN roi_25 255 0 0 0.719617 0.0550814 0.0344843 0.531828 0.450086
DMN roi_40 255 0 0 0.719617 0.0550814 0.0344843 0.531828 0.450086
DMN roi_42 255 0 0 0.719617 0.0550814 0.0344843 0.531828 0.450086
DMN roi_45 255 0 0 0.719617 0.0550814 0.0344843 0.531828 0.450086
DMN roi_49 255 0 0 0.719617 0.0550814 0.0344843 0.531828 0.450086
DMN roi_50 255 0 0 0.719617 0.0550814 0.0344843 0.531828 0.450086
DMN roi_51 255 0 0 0.719617 0.0550814 0.0344843 0.531828 0.450086
DMN roi_63 255 0 0 0.719617 0.0550814 0.0344843 0.531828 0.450086
DMN roi_68 255 0 0 0.719617 0.0550814 0.0344843 0.531828 0.450086
DMN roi_69 255 0 0 0.719617 0.0550814 0.0344843 0.531828 0.450086
DMN roi_72 255 0 0 0.719617 0.0550814 0.0344843 0.531828 0.450086
DMN roi_76 255 0 0 0.719617 0.0550814 0.0344843 0.531828 0.450086
DMN roi_86 255 0 0 0.719617 0.0550814 0.0344843 0.531828 0.450086
DMN roi_88 255 0 0 0.719617 0.0550814 0.0344843 0.531828 0.450086
DMN roi_92 255 0 0 0.719617 0.0550814 0.0344843 0.531828 0.450086
DMN roi_102 255 0 0 0.719617 0.0550814 0.0344843 0.531828 0.450086
DMN roi_105 255 0 0 0.719617 0.0550814 0.0344843 0.531828 0.450086
DMN roi_107 255 0 0 0.719617 0.0550814 0.0344843 0.531828 0.450086
DMN roi_114 255 0 0 0.719617 0.0550814 0.0344843 0.531828 0.450086
DMN roi_117 255 0 0 0.719617 0.0550814 0.0344843 0.531828 0.450086
DMN roi_122 255 0 0 0.719617 0.0550814 0.0344843 0.531828 0.450086
DMN roi_129 255 0 0 0.719617 0.0550814 0.0344843 0.531828 0.450086
DMN roi_131 255 0 0 0.719617 0.0550814 0.0344843 0.531828 0.450086
DMN roi_146 255 0 0 0.719617 0.0550814 0.0344843 0.531828 0.450086
DMN roi_148 255 0 0 0.719617 0.0550814 0.0344843 0.531828 0.450086
DMN roi_149 255 0 0 0.719617 0.0550814 0.0344843 0.531828 0.450086
DMN roi_152 255 0 0 0.719617 0.0550814 0.0344843 0.531828 0.450086
DMN roi_155 255 0 0 0.719617 0.0550814 0.0344843 0.531828 0.450086
DMN roi_157 255 0 0 0.719617 0.0550814 0.0344843 0.531828 0.450086
DMN roi_159 255 0 0 0.719617 0.0550814 0.0344843 0.531828 0.450086
DMN roi_161 255 0 0 0.719617 0.0550814 0.0344843 0.531828 0.450086
DMN roi_163 255 0 0 0.719617 0.0550814 0.0344843 0.531828 0.450086
DMN roi_166 255 0 0 0.719617 0.0550814 0.0344843 0.531828 0.450086
DMN roi_167 255 0 0 0.719617 0.0550814 0.0344843 0.531828 0.450086
DMN roi_171 255 0 0 0.719617 0.0550814 0.0344843 0.531828 0.450086
DMN roi_172 255 0 0 0.719617 0.0550814 0.0344843 0.531828 0.450086
DMN roi_180 255 0 0 0.719617 0.0550814 0.0344843 0.531828 0.450086
DMN roi_192 255 0 0 0.719617 0.0550814 0.0344843 0.531828 0.450086
DMN roi_194 255 0 0 0.719617 0.0550814 0.0344843 0.531828 0.450086
DMN roi_195 255 0 0 0.719617 0.0550814 0.0344843 0.531828 0.450086
DMN roi_197 255 0 0 0.719617 0.0550814 0.0344843 0.531828 0.450086
DMN roi_208 255 0 0 0.719617 0.0550814 0.0344843 0.531828 0.450086
DMN roi_212 255 0 0 0.719617 0.0550814 0.0344843 0.531828 0.450086
DMN roi_217 255 0 0 0.719617 0.0550814 0.0344843 0.531828 0.450086
DMN roi_221 255 0 0 0.719617 0.0550814 0.0344843 0.531828 0.450086
DMN roi_223 255 0 0 0.719617 0.0550814 0.0344843 0.531828 0.450086
DMN roi_224 255 0 0 0.719617 0.0550814 0.0344843 0.531828 0.450086
DMN roi_228 255 0 0 0.719617 0.0550814 0.0344843 0.531828 0.450086
DMN roi_234 255 0 0 0.719617 0.0550814 0.0344843 0.531828 0.450086
DMN roi_241 255 0 0 0.719617 0.0550814 0.0344843 0.531828 0.450086
DMN roi_252 255 0 0 0.719617 0.0550814 0.0344843 0.531828 0.450086
DMN roi_253 255 0 0 0.719617 0.0550814 0.0344843 0.531828 0.450086
DMN roi_256 255 0 0 0.719617 0.0550814 0.0344843 0.531828 0.450086
DMN roi_257 255 0 0 0.719617 0.0550814 0.0344843 0.531828 0.450086
DMN roi_266 255 0 0 0.719617 0.0550814 0.0344843 0.531828 0.450086
DMN roi_272 255 0 0 0.719617 0.0550814 0.0344843 0.531828 0.450086
DMN roi_277 255 0 0 0.719617 0.0550814 0.0344843 0.531828 0.450086
DMN roi_278 255 0 0 0.719617 0.0550814 0.0344843 0.531828 0.450086
DMN roi_283 255 0 0 0.719617 0.0550814 0.0344843 0.531828 0.450086
DMN roi_287 255 0 0 0.719617 0.0550814 0.0344843 0.531828 0.450086
DMN roi_294 255 0 0 0.719617 0.0550814 0.0344843 0.531828 0.450086
DMN roi_301 255 0 0 0.719617 0.0550814 0.0344843 0.531828 0.450086
DMN roi_304 255 0 0 0.719617 0.0550814 0.0344843 0.531828 0.450086
DMN roi_311 255 0 0 0.719617 0.0550814 0.0344843 0.531828 0.450086
DMN roi_324 255 0 0 0.719617 0.0550814 0.0344843 0.531828 0.450086
DMN roi_326 255 0 0 0.719617 0.0550814 0.0344843 0.531828 0.450086

MEM roi_37 128 128 128 0.497344 0.392218 0.23142 0.869115 0.274211
MEM roi_67 128 128 128 0.497344 0.392218 0.23142 0.869115 0.274211
MEM roi_218 128 128 128 0.497344 0.392218 0.23142 0.869115 0.274211
MEM roi_244 128 128 128 0.497344 0.392218 0.23142 0.869115 0.274211
MEM roi_264 128 128 128 0.497344 0.392218 0.23142 0.869115 0.274211
MEM roi_292 128 128 128 0.497344 0.392218 0.23142 0.869115 0.274211
MEM roi_296 128 128 128 0.497344 0.392218 0.23142 0.869115 0.274211

VIS roi_4 0 0 255 0.572447 0.550825 0.0210396 0.703384 0.0398718
VIS roi_8 0 0 255 0.572447 0.550825 0.0210396 0.703384 0.0398718
VIS roi_36 0 0 255 0.572447 0.550825 0.0210396 0.703384 0.0398718
VIS roi_43 0 0 255 0.572447 0.550825 0.0210396 0.703384 0.0398718
VIS roi_47 0 0 255 0.572447 0.550825 0.0210396 0.703384 0.0398718
VIS roi_56 0 0 255 0.572447 0.550825 0.0210396 0.703384 0.0398718
VIS roi_71 0 0 255 0.572447 0.550825 0.0210396 0.703384 0.0398718
VIS roi_77 0 0 255 0.572447 0.550825 0.0210396 0.703384 0.0398718
VIS roi_84 0 0 255 0.572447 0.550825 0.0210396 0.703384 0.0398718
VIS roi_99 0 0 255 0.572447 0.550825 0.0210396 0.703384 0.0398718
VIS roi_101 0 0 255 0.572447 0.550825 0.0210396 0.703384 0.0398718
VIS roi_113 0 0 255 0.572447 0.550825 0.0210396 0.703384 0.0398718
VIS roi_124 0 0 255 0.572447 0.550825 0.0210396 0.703384 0.0398718
VIS roi_150 0 0 255 0.572447 0.550825 0.0210396 0.703384 0.0398718
VIS roi_177 0 0 255 0.572447 0.550825 0.0210396 0.703384 0.0398718
VIS roi_183 0 0 255 0.572447 0.550825 0.0210396 0.703384 0.0398718
VIS roi_198 0 0 255 0.572447 0.550825 0.0210396 0.703384 0.0398718
VIS roi_202 0 0 255 0.572447 0.550825 0.0210396 0.703384 0.0398718
VIS roi_209 0 0 255 0.572447 0.550825 0.0210396 0.703384 0.0398718
VIS roi_210 0 0 255 0.572447 0.550825 0.0210396 0.703384 0.0398718
VIS roi_231 0 0 255 0.572447 0.550825 0.0210396 0.703384 0.0398718
VIS roi_238 0 0 255 0.572447 0.550825 0.0210396 0.703384 0.0398718
VIS roi_240 0 0 255 0.572447 0.550825 0.0210396 0.703384 0.0398718
VIS roi_242 0 0 255 0.572447 0.550825 0.0210396 0.703384 0.0398718
VIS roi_245 0 0 255 0.572447 0.550825 0.0210396 0.703384 0.0398718
VIS roi_246 0 0 255 0.572447 0.550825 0.0210396 0.703384 0.0398718
VIS roi_248 0 0 255 0.572447 0.550825 0.0210396 0.703384 0.0398718
VIS roi_258 0 0 255 0.572447 0.550825 0.0210396 0.703384 0.0398718
VIS roi_263 0 0 255 0.572447 0.550825 0.0210396 0.703384 0.0398718
VIS roi_280 0 0 255 0.572447 0.550825 0.0210396 0.703384 0.0398718
VIS roi_281 0 0 255 0.572447 0.550825 0.0210396 0.703384 0.0398718
VIS roi_284 0 0 255 0.572447 0.550825 0.0210396 0.703384 0.0398718
VIS roi_289 0 0 255 0.572447 0.550825 0.0210396 0.703384 0.0398718
VIS roi_300 0 0 255 0.572447 0.550825 0.0210396 0.703384 0.0398718
VIS roi_309 0 0 255 0.572447 0.550825 0.0210396 0.703384 0.0398718
VIS roi_310 0 0 255 0.572447 0.550825 0.0210396 0.703384 0.0398718
VIS roi_318 0 0 255 0.572447 0.550825 0.0210396 0.703384 0.0398718
VIS roi_319 0 0 255 0.572447 0.550825 0.0210396 0.703384 0.0398718
VIS roi_322 0 0 255 0.572447 0.550825 0.0210396 0.703384 0.0398718

FTP roi_6 255 255 0 0.707218 0.741702 0.27353 0.197576 0.838634
FTP roi_11 255 255 0 0.707218 0.741702 0.27353 0.197576 0.838634
FTP roi_21 255 255 0 0.707218 0.741702 0.27353 0.197576 0.838634
FTP roi_23 255 255 0 0.707218 0.741702 0.27353 0.197576 0.838634
FTP roi_24 255 255 0 0.707218 0.741702 0.27353 0.197576 0.838634
FTP roi_41 255 255 0 0.707218 0.741702 0.27353 0.197576 0.838634
FTP roi_59 255 255 0 0.707218 0.741702 0.27353 0.197576 0.838634
FTP roi_75 255 255 0 0.707218 0.741702 0.27353 0.197576 0.838634
FTP roi_82 255 255 0 0.707218 0.741702 0.27353 0.197576 0.838634
FTP roi_93 255 255 0 0.707218 0.741702 0.27353 0.197576 0.838634
FTP roi_109 255 255 0 0.707218 0.741702 0.27353 0.197576 0.838634
FTP roi_121 255 255 0 0.707218 0.741702 0.27353 0.197576 0.838634
FTP roi_130 255 255 0 0.707218 0.741702 0.27353 0.197576 0.838634
FTP roi_139 255 255 0 0.707218 0.741702 0.27353 0.197576 0.838634
FTP roi_143 255 255 0 0.707218 0.741702 0.27353 0.197576 0.838634
FTP roi_147 255 255 0 0.707218 0.741702 0.27353 0.197576 0.838634
FTP roi_162 255 255 0 0.707218 0.741702 0.27353 0.197576 0.838634
FTP roi_165 255 255 0 0.707218 0.741702 0.27353 0.197576 0.838634
FTP roi_178 255 255 0 0.707218 0.741702 0.27353 0.197576 0.838634
FTP roi_213 255 255 0 0.707218 0.741702 0.27353 0.197576 0.838634
FTP roi_219 255 255 0 0.707218 0.741702 0.27353 0.197576 0.838634
FTP roi_230 255 255 0 0.707218 0.741702 0.27353 0.197576 0.838634
FTP roi_235 255 255 0 0.707218 0.741702 0.27353 0.197576 0.838634
FTP roi_243 255 255 0 0.707218 0.741702 0.27353 0.197576 0.838634
FTP roi_250 255 255 0 0.707218 0.741702 0.27353 0.197576 0.838634
FTP roi_268 255 255 0 0.707218 0.741702 0.27353 0.197576 0.838634
FTP roi_274 255 255 0 0.707218 0.741702 0.27353 0.197576 0.838634
FTP roi_329 255 255 0 0.707218 0.741702 0.27353 0.197576 0.838634

SAL roi_31 0 0 0 0.00753681 0.185922 0.707266 0.515797 0.835159
SAL roi_38 0 0 0 0.00753681 0.185922 0.707266 0.515797 0.835159
SAL roi_48 0 0 0 0.00753681 0.185922 0.707266 0.515797 0.835159
SAL roi_53 0 0 0 0.00753681 0.185922 0.707266 0.515797 0.835159
SAL roi_81 0 0 0 0.00753681 0.185922 0.707266 0.515797 0.835159
SAL roi_83 0 0 0 0.00753681 0.185922 0.707266 0.515797 0.835159
SAL roi_100 0 0 0 0.00753681 0.185922 0.707266 0.515797 0.835159
SAL roi_125 0 0 0 0.00753681 0.185922 0.707266 0.515797 0.835159
SAL roi_133 0 0 0 0.00753681 0.185922 0.707266 0.515797 0.835159
SAL roi_134 0 0 0 0.00753681 0.185922 0.707266 0.515797 0.835159
SAL roi_138 0 0 0 0.00753681 0.185922 0.707266 0.515797 0.835159
SAL roi_199 0 0 0 0.00753681 0.185922 0.707266 0.515797 0.835159
SAL roi_211 0 0 0 0.00753681 0.185922 0.707266 0.515797 0.835159
SAL roi_225 0 0 0 0.00753681 0.185922 0.707266 0.515797 0.835159
SAL roi_282 0 0 0 0.00753681 0.185922 0.707266 0.515797 0.835159
SAL roi_295 0 0 0 0.00753681 0.185922 0.707266 0.515797 0.835159
SAL roi_312 0 0 0 0.00753681 0.185922 0.707266 0.515797 0.835159
SAL roi_317 0 0 0 0.00753681 0.185922 0.707266 0.515797 0.835159

SUB roi_19 139 69 19 0.00753681 0.185922 0.707266 0.515797 0.835159
SUB roi_20 139 69 19 0.00753681 0.185922 0.707266 0.515797 0.835159
SUB roi_26 139 69 19 0.00753681 0.185922 0.707266 0.515797 0.835159
SUB roi_32 139 69 19 0.00753681 0.185922 0.707266 0.515797 0.835159
SUB roi_54 139 69 19 0.00753681 0.185922 0.707266 0.515797 0.835159
SUB roi_55 139 69 19 0.00753681 0.185922 0.707266 0.515797 0.835159
SUB roi_64 139 69 19 0.00753681 0.185922 0.707266 0.515797 0.835159
SUB roi_66 139 69 19 0.00753681 0.185922 0.707266 0.515797 0.835159
SUB roi_80 139 69 19 0.00753681 0.185922 0.707266 0.515797 0.835159
SUB roi_115 139 69 19 0.00753681 0.185922 0.707266 0.515797 0.835159
SUB roi_132 139 69 19 0.00753681 0.185922 0.707266 0.515797 0.835159
SUB roi_142 139 69 19 0.00753681 0.185922 0.707266 0.515797 0.835159
SUB roi_153 139 69 19 0.00753681 0.185922 0.707266 0.515797 0.835159
SUB roi_187 139 69 19 0.00753681 0.185922 0.707266 0.515797 0.835159
SUB roi_191 139 69 19 0.00753681 0.185922 0.707266 0.515797 0.835159
SUB roi_200 139 69 19 0.00753681 0.185922 0.707266 0.515797 0.835159
SUB roi_204 139 69 19 0.00753681 0.185922 0.707266 0.515797 0.835159
SUB roi_216 139 69 19 0.00753681 0.185922 0.707266 0.515797 0.835159
SUB roi_227 139 69 19 0.00753681 0.185922 0.707266 0.515797 0.835159
SUB roi_259 139 69 19 0.00753681 0.185922 0.707266 0.515797 0.835159
SUB roi_285 139 69 19 0.00753681 0.185922 0.707266 0.515797 0.835159
SUB roi_286 139 69 19 0.00753681 0.185922 0.707266 0.515797 0.835159
SUB roi_316 139 69 19 0.00753681 0.185922 0.707266 0.515797 0.835159

VAN roi_9 0 128 128 0.00753681 0.185922 0.707266 0.515797 0.835159
VAN roi_74 0 128 128 0.00753681 0.185922 0.707266 0.515797 0.835159
VAN roi_90 0 128 128 0.00753681 0.185922 0.707266 0.515797 0.835159
VAN roi_110 0 128 128 0.00753681 0.185922 0.707266 0.515797 0.835159
VAN roi_190 0 128 128 0.00753681 0.185922 0.707266 0.515797 0.835159
VAN roi_214 0 128 128 0.00753681 0.185922 0.707266 0.515797 0.835159
VAN roi_236 0 128 128 0.00753681 0.185922 0.707266 0.515797 0.835159
VAN roi_271 0 128 128 0.00753681 0.185922 0.707266 0.515797 0.835159
VAN roi_325 0 128 128 0.00753681 0.185922 0.707266 0.515797 0.835159

DAN roi_29 0 128 0 0.00753681 0.185922 0.707266 0.515797 0.835159
DAN roi_94 0 128 0 0.00753681 0.185922 0.707266 0.515797 0.835159
DAN roi_120 0 128 0 0.00753681 0.185922 0.707266 0.515797 0.835159
DAN roi_196 0 128 0 0.00753681 0.185922 0.707266 0.515797 0.835159
DAN roi_201 0 128 0 0.00753681 0.185922 0.707266 0.515797 0.835159
DAN roi_206 0 128 0 0.00753681 0.185922 0.707266 0.515797 0.835159
DAN roi_260 0 128 0 0.00753681 0.185922 0.707266 0.515797 0.835159
DAN roi_297 0 128 0 0.00753681 0.185922 0.707266 0.515797 0.835159
DAN roi_305 0 128 0 0.00753681 0.185922 0.707266 0.515797 0.835159
DAN roi_314 0 128 0 0.00753681 0.185922 0.707266 0.515797 0.835159

# By design, brain stem region (BSt) does not have a L/R side

CRB roi_5 207 255 48 0.246842 0.546186 0.322285 0.137021 0.491837
CRB roi_28 207 255 48 0.246842 0.546186 0.322285 0.137021 0.491837
CRB roi_39 207 255 48 0.246842 0.546186 0.322285 0.137021 0.491837
CRB roi_91 207 255 48 0.246842 0.546186 0.322285 0.137021 0.491837
CRB roi_173 207 255 48 0.246842 0.546186 0.322285 0.137021 0.491837
CRB roi_176 207 255 48 0.246842 0.546186 0.322285 0.137021 0.491837
CRB roi_215 207 255 48 0.246842 0.546186 0.322285 0.137021 0.491837
CRB roi_222 207 255 48 0.246842 0.546186 0.322285 0.137021 0.491837
CRB roi_233 207 255 48 0.246842 0.546186 0.322285 0.137021 0.491837
CRB roi_251 207 255 48 0.246842 0.546186 0.322285 0.137021 0.491837
CRB roi_267 207 255 48 0.246842 0.546186 0.322285 0.137021 0.491837
CRB roi_276 207 255 48 0.246842 0.546186 0.322285 0.137021 0.491837
CRB roi_298 207 255 48 0.246842 0.546186 0.322285 0.137021 0.491837
