# region parcellated_structure_code r g b z1 z2 z3 z4 z5
#
# r g b          - RGB values of structure's color 
# z1 z2 z3 z4 z5 - structure measures (shown as heat maps in image) 

# Each region (except BSt) will have a left and right side

Unc OrG_R_6_2 255 153 153 0.910094 0.265257 0.893188 0.220351 0.810623
Unc OrG_6_3 204 0 51 0.631798 0.571077 0.332158 0.104455 0.173531
Unc OrG_R_6_5 102 0 0 0.108022 0.639396 0.013111 0.720184 0.151863
Unc STG_L_6_4 255 51 102 0.101814 0.482945 0.254355 0.676697 0.366957
Unc MTG_L_4_1 255 204 204 0.896782 0.759896 0.720292 0.907623 0.491736
Unc MTG_R_4_4 255 204 153 0.928611 0.377663 0.899756 0.77888 0.910094
Unc ITG_7_1 153 051 0 0.324255 0.194231 0.995553 0.161296 0.265257
Unc ITG_7_3 255 255 153 0.10519 0.209205 0.559397 0.705432 0.220351
Unc ITG_7_4 153 102 0 0.638602 0.448208 0.0398718 0.467251 0.571077
Unc ITG_7_6 255 102 102 0.688898 0.534712 0.68692 0.272457 0.104455
Unc ITG_7_7 255 204 0 0.0869318 0.453889 0.945625 0.855719 0.567394
Unc FuG_3_1 255 0 102 0.43739 0.769548 0.874003 0.376934 0.0401409
Unc FuG_3_3 255 102 153 0.586052 0.599163 0.319347 0.421162 0.639396
Unc PhG_6_1 137 16 46 0.910094 0.265257 0.893188 0.220351 0.810623
Unc PhG_6_2 211 91 21 0.502931 0.567394 0.854165 0.0401409 0.484983
Unc PhG_6_4 242 58 122 0.101814 0.482945 0.254355 0.676697 0.366957
Unc PhG_6_5 153 117 82 0.928611 0.377663 0.899756 0.77888 0.910094
Unc INS_L_6_2 237 184 123 0.708034 0.501519 0.936301 0.716323 0.893188
Unc CG_L_7_3 216 204 147 0.10519 0.209205 0.559397 0.705432 0.220351
Unc Cun_R_5_1 196 0 0 0.0782337 0.51053 0.196197 0.274211 0.631798
Unc Amyg_R_2_1 71 54 20 0.638602 0.448208 0.0398718 0.467251 0.571077
Unc Amyg_L_2_2 255 129 47 0.0777565 0.0381004 0.160044 0.397832 0.332158
Unc Hipp_2_1 224 83 13 0.688898 0.534712 0.68692 0.272457 0.104455

SMA PrG_6_3 0 255 204 0.426026 0.325782 0.104662 0.428916 0.101814
SMA PrG_6_4 0 255 255 0.98955 0.925851 0.642174 0.747365 0.254355
SMA PCL_L_2_1 0 153 153 0.810162 0.00635903 0.28057 0.919172 0.896782
SMA PCL_2_2 0 204 204 0.36738 0.407252 0.874503 0.95226 0.759896
SMA SPL_R_5_3 204 255 255 0.771846 0.458766 0.731223 0.197155 0.907623
SMA SPL_5_4 85 130 121 0.426026 0.325782 0.104662 0.428916 0.101814
SMA IPL_6_3 31 224 89 0.98955 0.925851 0.642174 0.747365 0.254355
SMA Pcun_L_4_2 165 229 229 0.810162 0.00635903 0.28057 0.919172 0.896782
SMA PoG_4_1 93 130 130 0.36738 0.407252 0.874503 0.95226 0.759896
SMA PoG_4_3 177 214 214 0.771846 0.458766 0.731223 0.197155 0.907623
SMA PoG_4_4 15 94 74 0.810162 0.00635903 0.28057 0.919172 0.896782
SMA CG_7_6 30 89 89 0.99036 0.150404 0.548236 0.237134 0.720292

SMH PrG_6_1 255 255 180 0.399686 0.345312 0.201031 0.322008 0.377663
SMH INS_R_6_5 255 224 203 0.608199 0.927547 0.348708 0.252815 0.194231

COP SFG_R_7_1 255 192 201 0.411277 0.246436 0.978378 0.470215 0.995553
COP SFG_7_4 255 192 201 0.411277 0.246436 0.978378 0.470215 0.995553
COP SFG_7_5 255 208 202 0.602268 0.70693 0.135846 0.758994 0.708034
COP IFG_L_6_6 255 164 200 0.637695 0.476329 0.422985 0.00903642 0.324255
COP PrG_L_6_5 216 166 174 0.411277 0.246436 0.978378 0.470215 0.995553
COP STG_R_6_3 188 124 145 0.411277 0.246436 0.978378 0.470215 0.995553
COP IPL_R_6_6 216 157 149 0.682345 0.802097 0.85046 0.276486 0.161296
COP INS_R_6_4 242 171 162 0.602268 0.70693 0.135846 0.758994 0.708034
COP INS_L_6_5 237 173 202 0.643938 0.517941 0.894874 0.839202 0.77888
COP INS_6_6 239 203 220 0.637695 0.476329 0.422985 0.00903642 0.324255
COP CG_L_7_5 239 151 170 0.643938 0.517941 0.894874 0.839202 0.77888
COP Amyg_R_2_2 226 174 186 0.637695 0.476329 0.422985 0.00903642 0.324255

AUD PrG_R_6_5 255 204 255 0.561124 0.203298 0.950663 0.907232 0.936301
AUD STG_R_6_2 204 153 255 0.423198 0.644596 0.944228 0.75439 0.716323
AUD STG_L_6_3 153 51 255 0.760749 0.0413186 0.960491 0.327871 0.10519
AUD STG_R_6_4 102 0 102 0.735123 0.609626 0.561885 0.552245 0.209205
AUD STG_R_6_6 153 0 204 0.70265 0.250886 0.488021 0.259866 0.559397
AUD IPL_L_6_6 255 153 255 0.718632 0.449855 0.64701 0.120721 0.705432
AUD PoG_4_2 255 102 204 0.0445171 0.903383 0.84918 0.248867 0.0782337
AUD INS_L_6_1 255 0 255 0.0240753 0.461075 0.335465 0.979403 0.196197

DMN SFG_7_2 204 204 255 0.719617 0.0550814 0.0344843 0.531828 0.450086
DMN SFG_7_3 153 204 255 0.924046 0.155466 0.0245813 0.370025 0.935069
DMN SFG_7_6 153 153 255 0.138454 0.915918 0.301583 0.614793 0.0869318
DMN SFG_7_7 102 102 255 0.276712 0.191446 0.517457 0.0899034 0.453889
DMN MFG_7_1 102 153 255 0.640728 0.661768 0.365152 0.870633 0.945625
DMN MFG_L_7_5 102 204 255 0.226574 0.859001 0.0936968 0.035322 0.855719
DMN MFG_L_7_7 51 51 255 0.112794 0.949259 0.163419 0.53527 0.120976
DMN OrG_6_1 51 153 255 0.552844 0.20569 0.41966 0.836928 0.0141639
DMN OrG_L_6_2 0 102 255 0.20486 0.480023 0.178386 0.521344 0.234515
DMN OrG_6_4 51 102 255 0.808531 0.850107 0.652433 0.496077 0.866313
DMN OrG_L_6_6 0 153 255 0.300211 0.432217 0.299345 0.776098 0.43739
DMN STG_6_1 0 204 244 0.814737 0.405621 0.699155 0.243576 0.769548
DMN STG_6_5 0 51 255 0.276017 0.568324 0.579263 0.0400565 0.874003
DMN STG_L_6_6 0 0 255 0.14786 0.376384 0.649425 0.825849 0.376934
DMN MTG_R_4_1 0 0 153 0.851454 0.125925 0.994575 0.658435 0.944328
DMN MTG_4_2 87 87 198 0.719617 0.0550814 0.0344843 0.531828 0.450086
DMN MTG_L_4_4 76 148 219 0.924046 0.155466 0.0245813 0.370025 0.935069
DMN PhG_6_3 91 91 155 0.138454 0.915918 0.301583 0.614793 0.0869318
DMN PhG_6_6 65 65 219 0.276712 0.191446 0.517457 0.0899034 0.453889
DMN pSTS_L_2_1 48 96 193 0.640728 0.661768 0.365152 0.870633 0.945625
DMN IPL_L_6_1 48 177 242 0.226574 0.859001 0.0936968 0.035322 0.855719
DMN IPL_6_5 27 27 186 0.112794 0.949259 0.163419 0.53527 0.120976
DMN Pcun_4_3 85 149 214 0.552844 0.20569 0.41966 0.836928 0.0141639
DMN Pcun_4_4 33 117 242 0.20486 0.480023 0.178386 0.521344 0.234515
DMN CG_R_7_2 64 98 201 0.808531 0.850107 0.652433 0.496077 0.866313
DMN CG_7_4 30 163 244 0.300211 0.432217 0.299345 0.776098 0.43739
DMN CG_7_7 76 212 239 0.814737 0.405621 0.699155 0.243576 0.769548
DMN Hipp_2_2 1 35 168 0.276017 0.568324 0.579263 0.0400565 0.874003

MEM SPL_L_5_2 249 167 2 0.497344 0.392218 0.23142 0.869115 0.274211
MEM Pcun_4_1 237 181 14 0.345444 0.768428 0.777465 0.385664 0.638602
MEM Pcun_R_4_2 249 157 27 0.497344 0.392218 0.23142 0.869115 0.274211
MEM CG_7_1 188 110 0 0.345444 0.768428 0.777465 0.385664 0.638602

VIS FuG_3_2 204 255 204 0.572447 0.550825 0.0210396 0.703384 0.0398718
VIS IPL_R_6_1 204 255 102 0.505481 0.355941 0.632427 0.234695 0.467251
VIS Cun_L_5_1 204 255 153 0.941625 0.0774716 0.836466 0.21416 0.0777565
VIS Cun_5_2 153 255 0 0.371851 0.0175735 0.652846 0.21397 0.0381004
VIS Cun_5_3 153 204 0 0.417268 0.367931 0.275164 0.698362 0.160044
VIS Cun_5_4 102 153 0 0.342959 0.287187 0.0415765 0.802325 0.397832
VIS Cun_5_5 51 255 51 0.843644 0.804135 0.132005 0.867128 0.688898
VIS OcG_4_1 153 255 153 0.476754 0.0386389 0.590884 0.293534 0.534712
VIS OcG_4_2 204 255 0 0.54442 0.032441 0.292307 0.010939 0.68692
VIS OcG_4_3 0 255 0 0.460794 0.107803 0.228524 0.273041 0.272457
VIS OcG_4_4 204 255 51 0.176424 0.0256045 0.274471 0.86865 0.465933
VIS sOcG_2_1 150 198 3 0.460794 0.107803 0.228524 0.273041 0.272457
VIS sOcG_2_2 191 255 0 0.176424 0.0256045 0.274471 0.86865 0.465933

FTP MFG_7_2 2 2 2 0.707218 0.741702 0.27353 0.197576 0.838634
FTP MFG_7_4 28 28 28 0.353042 0.377624 0.747649 0.886102 0.946656
FTP MFG_R_7_5 39 39 39 0.802021 0.103603 0.718396 0.995109 0.586052
FTP MFG_R_7_6 54 54 54 0.186555 0.704011 0.793915 0.434643 0.599163
FTP MFG_R_7_7 69 69 69 0.0964105 0.461562 0.332195 0.558769 0.319347
FTP IFG_6_1 81 81 81 0.417771 0.511468 0.54679 0.659583 0.421162
FTP IFG_L_6_2 100 100 100 0.608842 0.772261 0.307531 0.860375 0.904107
FTP IFG_L_6_4 128 128 128 0.186555 0.704011 0.793915 0.434643 0.599163
FTP PrG_6_6 130 130 130 0.0964105 0.461562 0.332195 0.558769 0.319347
FTP ITG_R_7_2 141 141 141 0.417771 0.511468 0.54679 0.659583 0.421162
FTP ITG_R_7_5 154 154 154 0.608842 0.772261 0.307531 0.860375 0.904107
FTP SPL_L_5_5 163 163 163 0.0964105 0.461562 0.332195 0.558769 0.319347
FTP IPL_6_2 191 191 191 0.417771 0.511468 0.54679 0.659583 0.421162
FTP IPL_L_6_4 223 223 223 0.608842 0.772261 0.307531 0.860375 0.904107

SAL SFG_L_7_1 255 0 0 0.00753681 0.185922 0.707266 0.515797 0.835159
SAL MFG_7_3 226 11 11 0.00753681 0.185922 0.707266 0.515797 0.835159
SAL IFG_R_6_3 242 50 50 0.00753681 0.185922 0.707266 0.515797 0.835159
SAL IFG_6_5 237 80 80 0.00753681 0.185922 0.707266 0.515797 0.835159
SAL IFG_R_6_6 229 103 103 0.00753681 0.185922 0.707266 0.515797 0.835159
SAL OrG_R_6_6 196 11 11 0.00753681 0.185922 0.707266 0.515797 0.835159
SAL PCL_R_2_1 158 6 6 0.00753681 0.185922 0.707266 0.515797 0.835159
SAL IPL_R_6_4 137 0 0 0.00753681 0.185922 0.707266 0.515797 0.835159
SAL INS_R_6_2 221 40 0 0.00753681 0.185922 0.707266 0.515797 0.835159
SAL INS_6_3 173 50 58 0.00753681 0.185922 0.707266 0.515797 0.835159
SAL CG_L_7_2 252 116 125 0.00753681 0.185922 0.707266 0.515797 0.835159
SAL CG_R_7_3 165 38 46 0.00753681 0.185922 0.707266 0.515797 0.835159
SAL CG_R_7_5 89 0 5 0.00753681 0.185922 0.707266 0.515797 0.835159

SUB OrG_L_6_5 0 255 255 0.00753681 0.185922 0.707266 0.515797 0.835159
SUB INS_R_6_1 2 197 204 0.00753681 0.185922 0.707266 0.515797 0.835159
SUB INS_L_6_4 2 138 142 0.00753681 0.185922 0.707266 0.515797 0.835159
SUB Amyg_L_2_1 0 86 89 0.00753681 0.185922 0.707266 0.515797 0.835159
SUB Str_6_1 31 124 127 0.00753681 0.185922 0.707266 0.515797 0.835159
SUB Str_6_2 76 175 178 0.00753681 0.185922 0.707266 0.515797 0.835159
SUB Str_6_3 115 205 209 0.00753681 0.185922 0.707266 0.515797 0.835159
SUB Str_6_4 167 237 239 0.00753681 0.185922 0.707266 0.515797 0.835159
SUB Str_6_5 207 250 252 0.00753681 0.185922 0.707266 0.515797 0.835159
SUB Str_6_6 116 238 242 0.00753681 0.185922 0.707266 0.515797 0.835159
SUB Tha_8_1 64 209 214 0.00753681 0.185922 0.707266 0.515797 0.835159
SUB Tha_8_2 24 217 224 0.00753681 0.185922 0.707266 0.515797 0.835159
SUB Tha_8_3 6 229 196 0.00753681 0.185922 0.707266 0.515797 0.835159
SUB Tha_8_4 98 221 252 0.00753681 0.185922 0.707266 0.515797 0.835159
SUB Tha_8_5 38 179 214 0.00753681 0.185922 0.707266 0.515797 0.835159
SUB Tha_8_6 2 161 201 0.00753681 0.185922 0.707266 0.515797 0.835159
SUB Tha_8_7 133 224 247 0.00753681 0.185922 0.707266 0.515797 0.835159
SUB Tha_8_8 186 231 242 0.00753681 0.185922 0.707266 0.515797 0.835159

VAT IFG_R_6_2 255 238 0 0.00753681 0.185922 0.707266 0.515797 0.835159
VAT IFG_L_6_3 252 238 50 0.00753681 0.185922 0.707266 0.515797 0.835159
VAT IFG_R_6_4 249 240 102 0.00753681 0.185922 0.707266 0.515797 0.835159
VAT STG_L_6_2 244 238 149 0.00753681 0.185922 0.707266 0.515797 0.835159
VAT MTG_R_4_3 196 190 98 0.00753681 0.185922 0.707266 0.515797 0.835159
VAT pSTS_R_2_1 160 153 48 0.00753681 0.185922 0.707266 0.515797 0.835159
VAT pSTS_2_2 204 191 2 0.00753681 0.185922 0.707266 0.515797 0.835159

DAT MFG_L_7_6 246 230 247 0.00753681 0.185922 0.707266 0.515797 0.835159
DAT PrG_6_2 202 177 204 0.00753681 0.185922 0.707266 0.515797 0.835159
DAT MTG_L_4_3 153 124 155 0.00753681 0.185922 0.707266 0.515797 0.835159
DAT ITG_L_7_2 107 75 109 0.00753681 0.185922 0.707266 0.515797 0.835159
DAT ITG_L_7_5 79 42 81 0.00753681 0.185922 0.707266 0.515797 0.835159
DAT SPL_5_1 135 43 140 0.00753681 0.185922 0.707266 0.515797 0.835159
DAT SPL_R_5_2 201 97 206 0.00753681 0.185922 0.707266 0.515797 0.835159
DAT SPL_L_5_3 245 118 252 0.00753681 0.185922 0.707266 0.515797 0.835159
DAT SPL_R_5_5 240 54 249 0.00753681 0.185922 0.707266 0.515797 0.835159

# By design, brain stem region (BSt) does not have a L/R side

#BSt BSt 207 255 48 0.246842 0.546186 0.322285 0.137021 0.491837
