# region parcellated_structure_code r g b z1 z2 z3 z4 z5
#
# r g b          _ RGB values of structure's color 
# z1 z2 z3 z4 z5 _ structure measures (shown as heat maps in image) 

# Each region (except BSt) will have a left and right side

Unc OrG_6_3 255 255 255 0.910094 0.265257 0.893188 0.220351 0.810623
Unc OrG_6_5 255 255 255 0.631798 0.571077 0.332158 0.104455 0.173531
Unc ITG_7_1 255 255 255 0.108022 0.639396 0.013111 0.720184 0.151863
Unc ITG_7_3 255 255 255 0.101814 0.482945 0.254355 0.676697 0.366957
Unc ITG_7_4 255 255 255 0.896782 0.759896 0.720292 0.907623 0.491736
Unc ITG_7_6 255 255 255 0.928611 0.377663 0.899756 0.77888 0.910094
Unc ITG_7_7 255 255 255 0.324255 0.194231 0.995553 0.161296 0.265257
Unc FuG_3_1 255 255 255 0.10519 0.209205 0.559397 0.705432 0.220351
Unc FuG_3_3 255 255 255 0.638602 0.448208 0.0398718 0.467251 0.571077
Unc PhG_6_1 255 255 255 0.688898 0.534712 0.68692 0.272457 0.104455
Unc PhG_6_2 255 255 255 0.0869318 0.453889 0.945625 0.855719 0.567394
Unc PhG_6_4 255 255 255 0.43739 0.769548 0.874003 0.376934 0.0401409
Unc PhG_6_5 255 255 255 0.586052 0.599163 0.319347 0.421162 0.639396
Unc Cun_5_1 255 255 255 0.910094 0.265257 0.893188 0.220351 0.810623
Unc Amyg_2_2 255 255 255 0.502931 0.567394 0.854165 0.0401409 0.484983
Unc Hipp_2_1 255 255 255 0.101814 0.482945 0.254355 0.676697 0.366957

SMH PrG_6_3 0 255 255 0.426026 0.325782 0.104662 0.428916 0.101814
SMH PrG_6_4 0 255 255 0.98955 0.925851 0.642174 0.747365 0.254355
SMH PCL_2_2 0 255 255 0.810162 0.00635903 0.28057 0.919172 0.896782
SMH SPL_5_4 0 255 255 0.36738 0.407252 0.874503 0.95226 0.759896
SMH IPL_6_3 0 255 255 0.771846 0.458766 0.731223 0.197155 0.907623
SMH PoG_4_1 0 255 255 0.426026 0.325782 0.104662 0.428916 0.101814
SMH PoG_4_3 0 255 255 0.98955 0.925851 0.642174 0.747365 0.254355
SMH PoG_4_4 0 255 255 0.810162 0.00635903 0.28057 0.919172 0.896782
SMH CG_7_6 0 255 255 0.36738 0.407252 0.874503 0.95226 0.759896

SMM PrG_6_1 255 165 0 0.399686 0.345312 0.201031 0.322008 0.377663

CON SFG_7_1 128 0 128 0.411277 0.246436 0.978378 0.470215 0.995553
CON SFG_7_4 128 0 128 0.411277 0.246436 0.978378 0.470215 0.995553
CON SFG_7_5 128 0 128 0.602268 0.70693 0.135846 0.758994 0.708034
CON PrG_6_5 128 0 128 0.637695 0.476329 0.422985 0.00903642 0.324255
CON INS_6_4 128 0 128 0.411277 0.246436 0.978378 0.470215 0.995553
CON INS_6_5 128 0 128 0.411277 0.246436 0.978378 0.470215 0.995553
CON INS_6_6 128 0 128 0.682345 0.802097 0.85046 0.276486 0.161296

AUD STG_6_2 255 192 203 0.561124 0.203298 0.950663 0.907232 0.936301
AUD STG_6_3 255 192 203 0.423198 0.644596 0.944228 0.75439 0.716323
AUD STG_6_4 255 192 203 0.760749 0.0413186 0.960491 0.327871 0.10519
AUD IPL_6_6 255 192 203 0.735123 0.609626 0.561885 0.552245 0.209205
AUD PoG_4_2 255 192 203 0.70265 0.250886 0.488021 0.259866 0.559397
AUD INS_6_1 255 192 203 0.718632 0.449855 0.64701 0.120721 0.705432

DMN SFG_7_2 255 0 0 0.719617 0.0550814 0.0344843 0.531828 0.450086
DMN SFG_7_3 255 0 0 0.924046 0.155466 0.0245813 0.370025 0.935069
DMN SFG_7_6 255 0 0 0.138454 0.915918 0.301583 0.614793 0.0869318
DMN SFG_7_7 255 0 0 0.276712 0.191446 0.517457 0.0899034 0.453889
DMN MFG_7_1 255 0 0 0.640728 0.661768 0.365152 0.870633 0.945625
DMN MFG_7_5 255 0 0 0.226574 0.859001 0.0936968 0.035322 0.855719
DMN MFG_7_7 255 0 0 0.112794 0.949259 0.163419 0.53527 0.120976
DMN OrG_6_1 255 0 0 0.552844 0.20569 0.41966 0.836928 0.0141639
DMN OrG_6_2 255 0 0 0.20486 0.480023 0.178386 0.521344 0.234515
DMN OrG_6_4 255 0 0 0.808531 0.850107 0.652433 0.496077 0.866313
DMN OrG_6_6 255 0 0 0.300211 0.432217 0.299345 0.776098 0.43739
DMN STG_6_1 255 0 0 0.814737 0.405621 0.699155 0.243576 0.769548
DMN STG_6_5 255 0 0 0.276017 0.568324 0.579263 0.0400565 0.874003
DMN STG_6_6 255 0 0 0.14786 0.376384 0.649425 0.825849 0.376934
DMN MTG_4_1 255 0 0 0.851454 0.125925 0.994575 0.658435 0.944328
DMN MTG_4_2 255 0 0 0.719617 0.0550814 0.0344843 0.531828 0.450086
DMN MTG_4_4 255 0 0 0.924046 0.155466 0.0245813 0.370025 0.935069
DMN PhG_6_3 255 0 0 0.138454 0.915918 0.301583 0.614793 0.0869318
DMN PhG_6_6 255 0 0 0.276712 0.191446 0.517457 0.0899034 0.453889
DMN IPL_6_5 255 0 0 0.640728 0.661768 0.365152 0.870633 0.945625
DMN Pcun_4_3 255 0 0 0.226574 0.859001 0.0936968 0.035322 0.855719
DMN Pcun_4_4 255 0 0 0.112794 0.949259 0.163419 0.53527 0.120976
DMN CG_7_4 255 0 0 0.552844 0.20569 0.41966 0.836928 0.0141639
DMN CG_7_7 255 0 0 0.20486 0.480023 0.178386 0.521344 0.234515
DMN Hipp_2_2 255 0 0 0.808531 0.850107 0.652433 0.496077 0.866313

MEM Pcun_4_1 128 128 128 0.497344 0.392218 0.23142 0.869115 0.274211
MEM Pcun_4_2 128 128 128 0.345444 0.768428 0.777465 0.385664 0.638602
MEM CG_7_1 128 128 128 0.497344 0.392218 0.23142 0.869115 0.274211

VIS FuG_3_2 0 0 255 0.572447 0.550825 0.0210396 0.703384 0.0398718
VIS IPL_6_1 0 0 255 0.505481 0.355941 0.632427 0.234695 0.467251
VIS Cun_5_2 0 0 255 0.941625 0.0774716 0.836466 0.21416 0.0777565
VIS Cun_5_3 0 0 255 0.371851 0.0175735 0.652846 0.21397 0.0381004
VIS Cun_5_4 0 0 255 0.417268 0.367931 0.275164 0.698362 0.160044
VIS Cun_5_5 0 0 255 0.342959 0.287187 0.0415765 0.802325 0.397832
VIS OcG_4_1 0 0 255 0.843644 0.804135 0.132005 0.867128 0.688898
VIS OcG_4_2 0 0 255 0.476754 0.0386389 0.590884 0.293534 0.534712
VIS OcG_4_3 0 0 255 0.54442 0.032441 0.292307 0.010939 0.68692
VIS OcG_4_4 0 0 255 0.460794 0.107803 0.228524 0.273041 0.272457
VIS sOcG_2_1 0 0 255 0.176424 0.0256045 0.274471 0.86865 0.465933
VIS sOcG_2_2 0 0 255 0.460794 0.107803 0.228524 0.273041 0.272457

FTP MFG_7_2 255 255 0 0.707218 0.741702 0.27353 0.197576 0.838634
FTP MFG_7_4 255 255 0 0.353042 0.377624 0.747649 0.886102 0.946656
FTP IFG_6_1 255 255 0 0.802021 0.103603 0.718396 0.995109 0.586052
FTP IFG_6_2 255 255 0 0.186555 0.704011 0.793915 0.434643 0.599163
FTP PrG_6_6 255 255 0 0.0964105 0.461562 0.332195 0.558769 0.319347
FTP ITG_7_2 255 255 0 0.417771 0.511468 0.54679 0.659583 0.421162
FTP SPL_5_5 255 255 0 0.608842 0.772261 0.307531 0.860375 0.904107
FTP IPL_6_2 255 255 0 0.186555 0.704011 0.793915 0.434643 0.599163

SAL MFG_7_3 0 0 0 0.00753681 0.185922 0.707266 0.515797 0.835159
SAL IFG_6_3 0 0 0 0.00753681 0.185922 0.707266 0.515797 0.835159
SAL IFG_6_5 0 0 0 0.00753681 0.185922 0.707266 0.515797 0.835159
SAL IFG_6_6 0 0 0 0.00753681 0.185922 0.707266 0.515797 0.835159
SAL PCL_2_1 0 0 0 0.00753681 0.185922 0.707266 0.515797 0.835159
SAL IPL_6_4 0 0 0 0.00753681 0.185922 0.707266 0.515797 0.835159
SAL INS_6_2 0 0 0 0.00753681 0.185922 0.707266 0.515797 0.835159
SAL INS_6_3 0 0 0 0.00753681 0.185922 0.707266 0.515797 0.835159
SAL CG_7_2 0 0 0 0.00753681 0.185922 0.707266 0.515797 0.835159
SAL CG_7_3 0 0 0 0.00753681 0.185922 0.707266 0.515797 0.835159
SAL CG_7_5 0 0 0 0.00753681 0.185922 0.707266 0.515797 0.835159

SUB Amyg_2_1 139 69 19 0.00753681 0.185922 0.707266 0.515797 0.835159
SUB Str_6_1 139 69 19 0.00753681 0.185922 0.707266 0.515797 0.835159
SUB Str_6_2 139 69 19 0.00753681 0.185922 0.707266 0.515797 0.835159
SUB Str_6_3 139 69 19 0.00753681 0.185922 0.707266 0.515797 0.835159
SUB Str_6_4 139 69 19 0.00753681 0.185922 0.707266 0.515797 0.835159
SUB Str_6_5 139 69 19 0.00753681 0.185922 0.707266 0.515797 0.835159
SUB Str_6_6 139 69 19 0.00753681 0.185922 0.707266 0.515797 0.835159
SUB Tha_8_1 139 69 19 0.00753681 0.185922 0.707266 0.515797 0.835159
SUB Tha_8_2 139 69 19 0.00753681 0.185922 0.707266 0.515797 0.835159
SUB Tha_8_3 139 69 19 0.00753681 0.185922 0.707266 0.515797 0.835159
SUB Tha_8_4 139 69 19 0.00753681 0.185922 0.707266 0.515797 0.835159
SUB Tha_8_5 139 69 19 0.00753681 0.185922 0.707266 0.515797 0.835159
SUB Tha_8_6 139 69 19 0.00753681 0.185922 0.707266 0.515797 0.835159
SUB Tha_8_7 139 69 19 0.00753681 0.185922 0.707266 0.515797 0.835159
SUB Tha_8_8 139 69 19 0.00753681 0.185922 0.707266 0.515797 0.835159

VAN IFG_6_4 0 128 128 0.00753681 0.185922 0.707266 0.515797 0.835159
VAN pSTS_2_1 0 128 128 0.00753681 0.185922 0.707266 0.515797 0.835159
VAN pSTS_2_2 0 128 128 0.00753681 0.185922 0.707266 0.515797 0.835159

DAN MFG_7_6 0 128 0 0.00753681 0.185922 0.707266 0.515797 0.835159
DAN PrG_6_2 0 128 0 0.00753681 0.185922 0.707266 0.515797 0.835159
DAN MTG_4_3 0 128 0 0.00753681 0.185922 0.707266 0.515797 0.835159
DAN ITG_7_5 0 128 0 0.00753681 0.185922 0.707266 0.515797 0.835159
DAN SPL_5_1 0 128 0 0.00753681 0.185922 0.707266 0.515797 0.835159
DAN SPL_5_2 0 128 0 0.00753681 0.185922 0.707266 0.515797 0.835159
DAN SPL_5_3 0 128 0 0.00753681 0.185922 0.707266 0.515797 0.835159

# By design, brain stem region (BSt) does not have a L/R side

#BSt BSt 207 255 48 0.246842 0.546186 0.322285 0.137021 0.491837
